100 100
4 93 67 67 4 70 31 67 72 4 72 67 31 28 13 93 67 31 95 70 13 28 28 4 58 72 66 4 48 58 70 28 28 28 93 67 58 66 28 93 58 58 48 28 67 4 93 93 58 72 13 95 13 66 13 97 70 72 58 48 66 67 70 28 48 70 13 58 97 4 31 67 72 93 48 67 28 58 58 13 5 28 48 72 95 58 58 72 13 67 72 70 66 13 4 67 13 58 4 70
24 1
27 83
26 31
86 95
56 67
71 59
24 9
99 67
27 23
27 29
27 38
24 40
72 36
56 89
45 67
51 67
25 22
70 71
72 67
27 92
26 36
78 85
68 29
22 87
25 78
74 1
26 43
55 67
70 27
49 67
67 68
71 73
70 90
75 63
68 55
75 41
51 93
67 3
99 42
23 66
15 67
55 67
70 68
79 67
74 63
7 67
74 90
5 67
77 56
5 99
15 61
71 44
68 67
74 88
71 34
72 94
69 52
7 83
22 13
55 80
27 62
69 52
70 54
80 67
78 66
23 78
80 8
27 47
96 67
27 36
28 96
69 85
74 39
26 37
26 31
22 13
23 22
27 3
74 93
28 73
24 5
84 67
69 70
68 95
49 67
76 1
26 64
12 67
24 19
26 6
24 44
74 3
79 31
73 16
43 67
49 54
25 59
83 67
64 67
69 34
