100 100
13 13 61 61 81 80 13 14 13 13 13 81 81 61 81 80 93 93 61 4 4 10 4 76 81 51 13 62 76 80 76 93 10 14 14 62 61 51 81 61 81 4 10 61 4 81 11 76 72 61 4 62 62 78 93 81 13 61 13 61 13 81 14 13 81 14 4 78 61 4 10 93 93 13 93 14 80 78 61 80 61 76 78 80 78 76 4 62 78 93 51 4 76 14 93 72 80 80 14 14
81 15
87 70
83 3
38 41
43 16
58 61
7 61
37 8
84 31
90 61
84 97
90 2
75 61
38 4
80 89
21 61
45 22
90 61
19 61
27 61
84 75
45 64
85 92
37 84
4 61
61 61
79 21
44 17
44 19
42 37
86 4
42 38
41 35
21 60
75 81
13 61
42 38
43 50
45 37
90 43
83 62
42 64
51 61
45 59
45 61
51 28
44 53
40 97
45 40
21 61
44 55
45 19
38 68
7 11
91 61
41 43
37 40
82 3
89 45
86 32
43 6
83 61
80 38
96 61
38 30
40 31
21 74
82 73
18 61
42 24
43 10
43 31
91 29
38 47
37 44
67 61
86 36
82 11
37 78
37 46
37 68
40 30
13 44
38 94
67 40
42 30
41 1
39 46
37 86
61 58
100 61
82 68
87 17
89 46
11 61
42 5
39 16
83 85
24 61
44 46
